1 43404
2 24812
3 3173
4 7824
5 1981
6 1239
7 2696
8 4118
9 2936
10 2807
11 3669
12 771
13 1456
14 1588
15 3695
16 1594
17 3563
18 714
19 6712
20 4871
21 124
23 761
24 39
25 546
26 1117
27 4091
28 585
29 2022
30 100
31 1157
32 155
33 1629
34 1222
35 590
36 1176
37 815
38 93
39 403
40 245
41 414
42 98
43 2661
44 2203
45 141
46 1244
47 569
48 399
49 674
50 354
51 779
52 785
53 91
54 431
55 709
56 35
57 3493
58 982
59 62
60 2430
61 338
62 1678
63 5809
65 124
66 1263
67 3452
68 103
69 315
70 342
71 155
72 515
73 465
74 77
75 5317
76 4767
77 703
78 89
79 39
80 613
81 43
82 21
83 865
84 33
85 2154
86 351
87 3303
88 65
89 715
91 2
92 1145
93 56
94 36
95 324
96 7
97 63
99 8
100 7
101 9
102 3
103 10
105 1
106 2
107 3778
108 12523
109 3064
110 1176
111 1344
112 3926
113 2877
114 95
115 5173
116 611
117 1065
118 273
119 1717
120 305
121 92
122 1246
123 2477
124 2573
125 6346
126 2241
127 2221
128 3799
129 1090
130 1230
131 760
132 80
133 5618
134 575
135 1179
136 2222
137 5782
138 6060
139 267
140 766
141 2002
142 1558
143 2725
144 2237
145 1790
146 1074
147 353
149 761
150 30
151 341
152 130
153 285
154 50
155 55
156 24
157 3470
158 318
159 46
160 108
161 54
162 2
163 27
164 2
165 372
166 8
167 46
168 76
169 6
170 19
171 5
172 8
173 6
174 35
175 8
176 1812
177 420
178 550
179 584
180 39
181 12
182 615
183 86
184 4
185 183
186 547
187 47
188 75
189 3
190 10
191 3
192 1484
193 410
194 331
195 26
196 52
197 318
198 42
199 8
200 635
201 1011
202 183
203 252
204 10
205 151
206 4242
207 10
208 3
209 47
210 2
211 9
212 9
213 3
214 4
215 183
216 0
217 25
218 14
219 4674
220 262
221 72
222 16
223 507
224 47
225 88
226 815
227 1
229 12
230 132
231 0
232 0
233 3
234 56
235 88
236 346
237 42
238 5
239 95
240 26
241 8
242 93
243 6
244 2
245 220
246 73
247 992
248 10442
250 16
251 4
253 10
254 22
255 1953
256 135
257 152
258 30
259 174
260 1280
261 6
262 1807
263 3759
264 363
265 1503
266 2542
267 2155
268 88
269 213
270 27
271 2519
272 1941
273 3813
274 23
275 5
276 4
277 13
278 1
279 8
280 1633
281 2
282 6
283 25
284 6
285 6
287 9
288 19
289 61
290 41
291 502
292 195
294 13
295 1131
296 49
297 217
298 34
299 15
300 12
301 11
302 4
303 32
304 6
305 6
306 8
307 4
308 111
309 20
310 37
311 105
312 326
313 1644
314 872
315 34
316 16
317 444
318 537
319 182
320 4
321 32
322 2
323 23
324 301
325 364
326 30
327 81
328 16
329 2519
330 646
331 179
332 107
333 45
334 130
335 1220
336 95
337 5
339 870
341 7
342 10
343 3
344 42
345 4
346 6
347 1
348 1
349 85
350 42
351 5
352 1582
353 424
354 1710
355 68
356 78
357 1963
358 1187
359 532
360 60
361 12
362 1077
363 24
364 92
365 71
366 111
367 49
368 10
369 38
370 51
371 0
372 36
373 37
374 2
375 9
376 0
377 11
378 1074
379 305
380 109
381 489
382 970
383 229
384 56
385 19
386 12
387 208
388 5245
389 53
390 1151
391 307
392 59
393 8
394 43
396 65
397 1
398 679
399 512
400 54
401 287
402 17
403 31
404 66
405 24
406 10
407 5521
408 25
409 7
410 7
411 4
412 16
413 365
414 496
416 1
417 11
418 790
419 1963
420 505
421 4384
422 138
423 198
424 52
425 14
426 30
427 129
428 173
429 13
430 25
431 206
432 495
433 10
434 14
435 77
436 6
437 169
438 0
439 22
440 57
441 804
442 320
443 473
444 99
445 5
446 5168
447 6
448 15
449 21
450 158
451 0
452 11
453 4
454 0
455 0
456 1
457 34
458 796
459 53
460 28
461 40
462 2099
463 97
464 57
465 15
466 44
467 53
468 437
469 5
470 286
471 7
472 252
473 183
474 272
475 281
476 11
477 468
478 2965
480 1234
481 98
482 1325
483 3
484 2
485 8
486 3
487 37
489 39
490 813
491 9
492 58
493 14
494 5134
495 137
496 832
497 1834
498 85
499 26
500 4443
501 36
502 73
503 45
504 1033
505 136
506 831
507 6
508 74
509 43
510 1018
511 448
512 71
513 1296
514 1279
515 3
516 2
517 200
518 4613
519 7723
520 2945
521 24
522 46
523 0
524 24
525 25
526 0
527 3
528 56
529 0
530 0
531 2
533 2
534 20
535 23
536 46
538 2
539 37
540 0
541 3
542 3472
543 176
544 71
545 65
546 61
547 46
548 110
549 37
550 44
551 35
552 52
553 230
554 94
555 815
556 32
557 3
558 84
559 11
560 8
561 8
562 40
563 668
564 108
565 2
566 379
567 7
568 900
569 1
570 8
571 2213
572 893
573 282
574 295
575 897
576 484
577 404
578 21
579 0
580 4
581 25
582 20
583 152
584 8
585 20
586 28
587 109
588 868
589 218
590 8
591 10
592 35
593 489
594 169
595 466
596 191
597 270
600 2
601 414
603 59
605 281
606 446
607 8
608 50
609 851
610 694
611 23
612 112
613 155
614 84
615 39
616 63
617 81
618 34
619 36
620 279
621 90
622 3654
623 52
624 2
625 497
626 88
627 58
628 122
629 4
630 48
631 73
632 3
633 16
635 4
636 9
637 239
638 7
639 18
640 20
641 7
642 2
643 7
644 3
645 1
646 3
647 27
648 4
649 1
650 10
651 22
652 6
653 2255
654 154
655 74
656 528
657 221
658 87
659 91
660 156
661 135
662 283
663 81
664 113
665 1
666 1025
667 39
668 22
669 29
670 212
671 12
672 24
673 14
674 93
675 16
676 39
677 40
678 81
679 24
680 34
681 38
682 902
683 1228
684 473
685 126
686 409
687 401
688 325
689 200
691 470
692 7
693 1319
694 594
695 795
696 110
697 809
698 11
699 30
700 2
701 22
702 13
703 7
704 220
705 47
706 11
707 2
708 37
709 71
710 142
711 5
712 5
713 41
714 60
715 16
716 5
717 21
718 10
719 5
720 5
721 7
722 6
723 4
724 9
725 30
726 13
727 2
728 14
729 17
730 15
731 30
732 1
733 11
734 80
735 7
736 6
737 1
738 2
739 42
740 4
741 1
742 25
743 2
744 28
745 6
746 5
747 10
748 0
749 103
750 194
751 213
752 281
753 57
754 29
756 76
757 3
758 4
759 3
761 2
762 4
763 13
764 620
765 93
766 51
767 4
768 1
769 1404
770 32
771 397
772 36
773 450
774 3344
775 538
776 678
777 14
778 47
779 39
780 29
781 38
782 31
783 29
784 71
785 26
786 27
788 25
789 37
790 800
792 29
793 24
794 16
795 33
796 342
797 24
798 1189
799 1495
800 80
801 55
802 11
803 48
804 10
805 21
806 467
807 3
808 7
809 195
810 31
812 14
814 0
815 0
816 2
817 30
818 26
819 3
820 0
821 3
822 224
823 1
824 26
825 1
826 1
827 20
828 0
829 274
830 2127
831 369
832 547
833 770
834 812
835 724
836 951
837 663
838 1128
839 743
840 1112
841 1153
842 1487
843 453
844 153
845 218
846 699
847 348
848 352
849 218
850 140
851 1003
852 453
853 599
854 154
855 164
856 266
857 463
858 198
859 109
861 131
862 78
863 63
864 36
865 58
866 32
867 57
868 37
869 151
870 42
871 155
872 367
873 272
874 60
875 155
876 46
877 152
878 108
879 20
880 41
881 24
882 36
883 3
884 29
885 26
886 46
887 20
888 63
889 37
890 0
891 252
892 91
893 110
894 12
895 1
896 7
897 77
898 6
899 1
900 6
901 6311
902 14190
903 13817
904 10013
905 12458
906 16487
909 6263
910 7947
911 5353
912 3426
913 3255
914 6898
915 8687
916 2512
917 6780
918 8558
919 5828
920 4591
921 7643
922 7022
923 13053
924 6037
925 5217
926 5860
927 6199
928 8602
929 5595
930 3343
931 5656
932 3348
933 7358
934 4012
935 10096
936 1833
937 3785
938 2466
939 9786
940 3123
941 4934
942 2983
943 7632
944 1332
945 8093
946 1650
947 3202
948 1400
949 7405
950 841
951 3851
952 982
953 4768
954 679
955 4886
956 628
957 4300
958 376
959 5380
960 703
961 3223
962 1201
963 1727
964 557
965 270
966 2
967 10
968 12
969 18
970 1
971 1153
972 3797
973 1242
974 1746
975 1640
976 503
977 2038
978 2028
979 774
980 355
981 954
982 2378
983 248
984 53
985 2
986 1270
987 1501
988 842
989 575
990 7366
991 172
992 3230
993 2257
994 2207
995 416
996 590
997 771
998 260
999 270
1000 5444
1001 1095
1002 27
1003 61
1004 430
1005 796
1006 141
1007 447
1008 253
1009 76
1010 26
1011 96
1012 89
1013 204
1014 1
1015 28
1016 50
1017 48
1018 84
1019 11
1021 35
1022 135
1023 219
1024 8155
1025 51
1026 4
1027 72
1028 10
1030 35
1031 305
1033 732
1034 170
1035 0
1036 8
1037 5
1038 99
1039 6
1040 2
1041 0
1042 268
1043 411
1044 6
1045 476
1046 72
1047 31
1048 29
1049 20
1050 0
1051 113
1052 72
1053 86
1054 54
1055 99
1056 31
1057 21
1058 328
1059 13
1060 1115
1061 632
1062 602
1063 1382
1064 585
1065 696
1066 55
1067 25
1068 102
1069 33
1070 646
1071 634
1072 77
1073 69
1074 20
1075 181
1076 6
1077 321
1078 354
1079 407
1080 403
1081 40
1082 14
1083 394
1084 146
1085 27
1086 37
1087 142
1088 28
1089 18
1090 67
1091 23
1092 33
1093 8
1095 10
1096 10
1097 21
1098 334
1099 61
1100 5
1101 285
1102 199
1103 193
1104 414
1106 110
1107 126
1108 466
1109 393
1110 105
1111 558
1113 229
1114 103
1115 334
1116 135
1118 3718
1119 2018
1120 493
1123 426
1124 2140
1125 532
1126 91
1127 297
1128 417
1129 51
1130 54
1131 4
1132 6
1133 3
1134 9
1135 2
1136 105
1137 8
1138 7
1139 5
1140 2
1141 800
1144 299
1145 50
1146 1694
1147 179
1148 494
1149 120
1150 167
1151 797
1154 2561
1155 876
1156 14
1157 10
1158 8
1159 752
1160 392
1161 3
1162 38
1163 1
1164 44
1165 17
1166 7
1167 9
1168 33
1169 25
1170 82
1171 5
1172 3
1173 7
1174 11
1175 1
1176 1
1177 8
1178 5
1179 62
1180 34
1181 336
1182 617
1183 617
1184 204
1185 156
1186 18
1187 9
1188 26
1189 23
1190 26
1192 8
1193 8
1194 98
1195 3
1196 5
1197 3
1198 14
1199 1
1200 93
1201 1
1202 4
1203 5
1204 0
1205 1136
1206 1729
1208 145
1209 620
1210 2378
1211 1066
1212 502
1213 1547
1214 690
1216 0
1217 0
1218 23
1221 1
1223 4
1224 1
1225 440
1226 1094
1227 933
1228 1119
1229 644
1230 68
1231 2
1232 23
1233 7
1234 24
1235 5
1236 10
1237 88
1238 4
1239 5
1240 2
1241 9
1242 0
1243 1031
1244 598
1245 64
1246 455
1247 130
1248 3
1249 625
1250 73
1251 6
1252 10
1253 6
1254 6
1255 4
1256 9
1257 7
1258 4
1259 12
1260 11
1261 23
1262 2
1263 168
1264 8
1265 1619
1266 311
1267 85
1268 22
1269 2
1270 37
1271 44
1273 30
1274 132
1276 25
1277 27
1278 18
1279 24
1280 21
1281 1022
1282 153
1283 565
1284 53
1285 75
1286 6339
1287 2310
1288 805
1289 3483
1290 644
1291 22
1292 3
1293 230
1294 121
1295 1
1296 74
1297 28
1301 54
1302 603
1303 539
1304 401
1305 798
1306 670
1307 213
1308 319
1309 244
1310 315
1311 90
1312 4729
1313 4
1314 20
1315 240
1316 149
1317 399
1318 187
1319 313
1320 48
1321 88
1322 85
1323 137
1324 22
1325 646
1327 1060
1328 281
1329 10
1330 18
1331 145
1332 15
1333 21
1335 54
1337 28
1338 1
1339 20
1340 1121
1341 48
1342 418
1343 1040
1344 1299
1345 127
1346 463
1347 48
1348 24
1349 5
1350 27
1351 1970
1352 698
1353 138
1354 315
1356 192
1357 544
1358 442
1359 504
1360 38
1361 112
1362 47
1363 190
1364 263
1365 1776
1366 77
1367 22
1368 22
1369 7
1370 38
1371 95
1372 33
1373 8
1374 14
1376 111
1377 94
1378 354
1380 41
1381 9
1382 2
1383 6
1384 4
1385 24
1386 4
1387 158
1388 1049
1389 327
1390 577
1391 1
1392 15
1393 25
1394 3
1395 9
1396 7
1397 47
1398 6
1399 3
1400 19
1401 0
1402 140
1403 358
1404 3
1405 140
1406 1
1408 13
1409 101
1410 11
1412 3
1413 8
1414 208
1415 951
1416 74
1417 517
1418 86
1419 57
1420 47
1421 115
1422 2
1423 7
1424 1
1425 3
1426 20
1427 2144
1428 11
1429 127
1431 2
1432 3
1433 1
1434 35
1435 11
1436 18
1437 132
1438 61
1439 10
1440 12
1441 15
1442 51
1443 14
1444 160
1445 6
1446 24
1447 0
1448 1
1449 19
1450 116
1451 92
1452 2271
1453 781
1454 280
1455 207
1456 87
1458 274
1459 875
1460 2558
1461 360
1462 3280
1463 211
1464 444
1465 0
1466 18
1467 67
1468 3
1469 164
1470 12
1471 34
1472 2
1473 1314
1474 134
1475 100
1476 145
1477 164
1478 14
1479 11
1480 1
1481 1
1482 1278
1483 77
1484 37
1485 72
1486 9
1487 5
1488 169
1489 465
1490 34
1491 127
1492 77
1493 9
1494 1063
1495 11
1496 3
1497 114
1498 401
1499 142
1500 93
1501 172
1502 188
1503 142
1504 227
1505 93
1506 280
1507 172
1508 127
1509 200
1510 182
1511 421
1512 382
1515 552
1516 383
1517 882
1518 367
1519 543
1520 1348
1521 252
1522 326
1523 175
1524 464
1525 194
1526 223
1527 197
1528 168
1529 463
1530 90
1531 228
1532 610
1533 331
1534 397
1535 336
1536 344
1537 259
1538 339
1539 476
1540 431
1541 344
1543 980
1544 365
1545 156
1546 191
1547 194
1548 548
1549 241
1550 236
1551 345
1552 147
1553 169
1554 567
1555 54
1556 102
1557 100
1558 34
1559 211
1560 1780
1561 87
1562 111
1563 325
1564 407
1565 369
1566 25
1567 76
1568 55
1569 193
1570 157
1571 77
1572 93
1573 142
1574 96
1575 34
1576 88
1578 76
1579 53
1580 86
1581 53
1582 29
1583 78
1584 26
1585 66
1586 771
1587 63
1588 48
1589 196
1590 74
1591 422
1592 328
1593 170
1594 188
1595 176
1596 59
1597 31
1598 238
1599 190
1601 3390
1602 2498
1603 5156
1604 2023
1605 4721
1606 4128
1607 4538
1608 3020
1609 4492
1610 5192
1611 1785
1612 1666
1613 63
1614 748
1615 27
1616 2061
1617 343
1618 836
1619 1488
1620 72
1621 767
1622 911
1623 6179
1624 640
1625 49
1626 28
1627 20
1628 19
1629 129
1630 16
1633 0
1634 4
1635 15
1636 0
1638 7
1641 6
1642 599
1644 23
1645 643
1647 1644
1648 1966
1649 5
1650 18
1651 33
1652 60
1653 85
1654 127
1655 873
1656 572
1657 75
1658 4258
1660 47
1661 259
1663 38
1664 3
1665 21
1666 17
1667 345
1669 8
1670 84
1671 12
1672 62
1673 32
1674 297
1675 64
1676 14
1677 35
1678 29
1679 48
1680 20
1681 171
1682 232
1683 82
1685 962
1686 207
1687 71
1688 18
1689 355
1690 671
1692 31
1695 13
1696 14
1697 57
1698 5
1699 7
1700 1
1701 3
1702 63
1703 216
1704 1583
1705 26
1706 38
1707 2
1708 10
1709 5
1710 6
1711 297
1712 201
1713 13
1714 141
1715 0
1716 7
1717 82
1718 15
1719 11
1720 0
1721 22
1722 36
1723 31
1724 69
1725 10
1726 78
1727 24
1728 0
1729 20
1730 16
1733 1
1737 6
1738 201
1739 16
1740 163
1741 10
1743 5
1744 50
1745 29
1746 41
1747 133
1748 172
1749 0
1750 23
1751 10
1752 35
1753 1428
1754 2
1755 0
1756 5
1758 4
1759 8
1760 14
1761 99
1762 129
1763 125
1764 38
1765 298
1766 26
1767 12
1768 5
1769 8
1770 13
1771 9
1772 256
1773 7
1774 161
1775 5
1776 831
1777 22
1778 28
1779 40
1780 229
1781 219
1782 396
1783 148
1784 112
1785 81
1786 142
1787 13
1788 379
1789 173
1790 121
1792 139
1793 6
1794 34
1795 35
1796 406
1797 30
1798 44
1800 53
1801 7
1802 22
1803 3
1804 3
1805 50
1806 19
1807 32
1808 24
1809 20
1811 54
1812 187
1813 24
1815 6
1816 19
1817 16
1818 25
1819 71
1820 5
1821 39
1822 25
1823 25
1824 27
1825 26
1826 23
1827 12
1828 11
1829 2
1830 94
1831 6
1832 1
1833 36
1834 17
1835 4
1836 65
1837 47
1838 103
1839 2
1840 6
1841 79
1842 21
1843 3
1844 23
1845 34
1846 28
1847 23
1848 23
1849 22
1850 29
1851 67
1852 29
1853 2
1854 27
1855 90
1856 27
1857 11
1858 32
1859 15
1860 29
1861 17
1862 6
1863 39
1864 7
1865 6
1866 24
1867 18
1868 690
1869 40
1870 61
1871 808
1872 381
1873 13
1874 2
1875 18
1876 18
1877 2
1878 31
1879 4
1880 3
1881 11
1882 7
1883 3
1884 64
1885 472
1886 15
1887 5
1888 30
1889 8
1890 8
1891 38
1892 9
1893 60
1894 106
1895 2
1896 44
1897 3
1898 20
1899 7
1900 4
1902 4
1903 1
1904 55
1905 25
1906 6
1907 0
1908 3
1909 4
1910 287
1911 0
1912 1
1913 3
1914 0
1915 133
1916 182
1917 5
1918 17
1919 0
1920 2
1921 0
1922 1
1923 0
1924 0
1925 0
1926 18
1927 46
1928 0
1929 2
1930 0
1931 19
1932 65
1933 67
1934 109
1935 3
1936 376
1937 264
1938 75
1939 24
1940 24
1941 640
1942 68
1943 700
1944 67
1945 612
1946 12
1947 578
1948 972
1949 1213
1950 283
1951 1629
1952 3158
1953 1132
1954 965
1955 969
1956 182
1957 1946
1958 175
1959 108
1960 97
1961 50
1962 1114
1963 232
1964 57
1965 1454
1966 1408
1967 167
1968 222
1969 0
1970 21
1971 55
1972 29
1973 25
1974 193
1975 1
1978 3
1979 4
1980 194
1981 77
1982 3
1983 87
1984 125
1985 176
1986 5
1987 251
1988 137
1989 267
1990 148
1991 381
1992 37
1993 1657
1994 291
1995 0
1996 113
1997 7
1998 3
1999 12
2000 32
2001 8
2002 8
2003 3
2004 0
2005 0
2006 143
2007 19
2008 21
2009 145
2010 34
2011 11
2012 365
2013 535
2014 578
2015 236
2016 204
2017 62
2018 14
2019 32
2020 17
2021 13
2022 116
2023 5
2024 5
2025 87
2026 8
2027 588
2028 90
2029 98
2030 66
2031 1025
2033 359
2034 844
2035 9
2036 870
2037 18
2038 7
2039 5
2040 708
2041 1236
2042 2872
2043 2241
2044 3134
2045 34
2047 83
2049 0
2050 25
2051 59
2052 16
2054 11
2055 116
2056 9
2057 22
2058 0
2059 4017
2060 1351
2061 309
2062 39
2063 128
2064 56
2065 388
2066 381
2067 67
2068 87
2069 8
2070 56
2071 2303
2072 4
2073 13
2074 35
2075 7
2076 77
2077 15
2078 2
2079 11
2080 1
2081 19
2082 33
2083 124
2084 93
2085 85
2086 171
2087 0
2088 2
2089 19
2090 2
2092 10
2093 8
2094 1
2095 39
2096 75
2097 1486
2098 2973
2099 2215
2100 165
2101 110
2102 473
2103 786
2104 24
2105 8
2106 285
2107 47
2108 80
2109 21
2113 21
2115 10
2123 0
2124 0
2126 25
2127 12
2129 756
2130 1982
2131 3514
2132 2704
2133 813
2134 828
2135 514
2136 713
2137 255
2138 304
2139 242
2140 158
2141 714
2142 320
2143 323
2144 556
2145 130
2146 100
2147 759
2148 282
2149 151
2150 54
2151 3
2152 10
2153 19
2154 10
2155 38
2156 9
2157 248
2158 200
2159 10
2160 1
2161 10
2162 2859
2163 2829
2164 2920
2165 1712
2166 3124
2167 84
2168 965
2169 834
2170 279
2171 324
2172 166
2173 63
2174 8
2175 62
2176 15
2177 509
2178 19
2179 15
2180 48
2181 17
2182 7
2183 3
2184 121
2185 36
2186 11
2187 1
2188 2
2189 0
2190 41
2191 35
2192 10
2193 17
2194 206
2195 34
2196 115
2197 181
2198 33
2199 7
2200 42
2201 21
2202 0
2203 12
2204 128
2205 172
2206 582
2207 301
2208 119
2209 58
2210 27
2211 45
2212 1
2213 12
2214 868
2215 22
2217 17
2218 2810
2219 37
2220 6
2222 7
2223 20
2224 8
2225 6
2226 13
2227 53
2228 61
2231 4
2235 51
2237 37
2239 241
2240 78
2241 140
2242 27
2243 307
2244 7
2245 194
2246 54
2248 459
2249 74
2250 25
2251 1
2254 35
2256 0
2259 2
2260 3
2261 214
2262 367
2263 1
2264 0
2265 18
2266 4
2267 202
2268 27
2269 1284
2270 765
2271 263
2274 74
2275 0
2277 0
2280 0
2281 4
2283 5
2284 1
2285 3
2286 1
2287 14
2288 16
2289 11
2290 3
2291 22
2292 286
2293 86
2294 20
2295 370
2296 23
2297 30
2298 78
2299 124
2300 54
2301 182
2302 176
2303 542
2304 352
2305 22
2306 28
2307 502
2308 140
2309 68
2311 0
2312 159
2313 297
2314 361
2315 58
2316 292
2317 278
2318 94
2319 9
2320 21
2321 5221
2322 887
2323 1148
2324 354
2325 916
2326 140
2327 1304
2328 214
2329 847
2330 5
2331 89
2332 25
2333 0
2334 12
2335 58
2336 32
2338 10
2339 11
2340 31
2341 39
2343 302
2344 4
2345 13
2346 35
2347 5
2348 18
2349 2
2350 3
2351 1064
2352 31
2353 18
2354 13
2355 145
2356 71
2357 3
2358 49
2360 23
2361 11
2362 12
2363 169
2364 76
2365 9
2366 6
2367 1
2368 1
2369 1
2370 1258
2371 115
2372 6
2373 17
2374 2
2375 824
2376 7
2377 17
2378 7
2379 77
2380 4
2381 209
2382 166
2383 222
2384 161
2385 1736
2386 231
2387 154
2388 271
2389 82
2390 190
2391 728
2392 991
2393 435
2394 59
2395 86
2396 205
2397 60
2398 30
2399 779
2400 2025
2401 1750
2403 416
2404 9
2405 105
2406 0
2407 7
2408 25
2410 3
2411 1
2412 0
2413 17
2414 64
2415 147
2416 19
2417 23
2418 2
2419 2
2420 18
2421 350
2422 78
2423 64
2424 93
2425 88
2426 93
2427 2
2428 2
2429 8
2430 0
2431 2
2432 3
2433 6
2434 9
2435 0
2436 3
2437 1
2438 1
2439 0
2440 647
2441 42
2442 25
2443 79
2444 80
2445 17
2446 42
2447 16
2448 19
2449 16
2450 18
2451 21
2452 7
2453 14
2454 12
2455 12
2456 14
2457 0
2458 15
2459 296
2460 9
2461 27
2462 127
2463 258
2464 48
2465 57
2466 100
2467 7
2468 15
2469 33
2470 2248
2471 1870
2472 909
2474 27
2475 0
2476 46
2477 0
2478 8
2479 1742
2480 15
2481 0
2482 11
2483 2
2484 15
2485 18
2486 1
2487 0
2488 4
2489 0
2491 2
2492 5
2493 8
2494 0
2495 3
2496 900
2497 112
2498 118
2499 6
2500 4
2501 375
2502 26
2503 9
2504 7
2505 20
2506 329
2507 776
2508 42
2509 219
2510 96
2516 3
2522 0
2523 369
2524 402
2525 104
2526 5
2527 39
2528 61
2529 25
2530 0
2531 12
2532 1
2533 15
2534 15
2536 15
2537 38
2538 111
2539 4
2540 78
2541 97
2542 8
2543 1
2544 4
2545 29
2546 32
2547 15
2548 6
2549 280
2550 0
2551 0
2552 0
2553 0
2554 2
2555 0
2556 0
2557 0
2558 0
2561 12
2562 7
2563 7
2564 2
2565 0
2566 5
2567 0
2568 0
2569 1
2570 7
2571 3
2573 0
2579 11
2581 1
2585 170
2586 10
2587 1
2588 109
2589 226
2590 517
2591 114
2592 94
2593 204
2594 317
2595 408
2596 90
2599 0
2605 16
2606 5041
2607 2055
2608 308
2609 273
2610 266
2611 1887
2612 784
2613 340
2614 499
2615 100
2616 2306
2617 1319
2618 1046
2619 393
2620 24
2621 185
2622 129
2623 1
2624 0
2625 94
2626 0
2627 11
2628 56
2630 0
2631 299
2632 8
2633 5
2634 16
2635 264
2636 39
2637 43
2638 146
2639 9
2640 15
2641 7
2642 0
2643 3
2644 64
2645 5
2646 18
2647 14
2648 0
2649 86
2650 0
2651 33
2652 0
2653 1
2654 0
2655 1
2656 116
2657 63
2658 42
2659 19
2660 17
2661 1739
2662 1201
2663 2373
2664 863
2665 156
2666 3899
2667 2412
2668 429
2669 2649
2670 1424
2671 1150
2672 18
2673 103
2674 932
2675 3
2676 15
2677 14
2678 14
2679 14
2680 15
2681 0
2682 15
2683 15
2684 53
2685 46
2687 5
2688 65
2689 10
2690 10
2691 127
2692 1
2693 25
2694 22
2695 140
2696 71
2697 153
2698 11
2699 1
2700 133
2701 109
2702 60
2703 141
2704 422
2705 148
2706 44
2707 404
2708 179
2709 141
2710 209
2711 55
2712 262
2713 825
2714 305
2715 151
2716 162
2717 134
2718 38
2719 258
2720 132
2723 18
2724 90
2725 40
2726 22
2727 32
2728 11
2729 33
2730 43
2731 48
2732 456
2733 2005
2734 5
2735 1
2736 5
2737 0
2738 5
2739 0
2741 0
2746 29
2751 52
2752 20
2753 37
2754 17
2755 35
2756 15
2757 22
2758 14
2759 13
2760 12
2761 27
2762 39
2763 125
2764 115
2765 6
2766 39
2767 11
2768 11
2769 19
2770 32
2771 8
2772 0
2773 0
2774 9
2775 2
2776 6
2777 57
2778 29
2779 32
2780 2
2781 4
2782 99
2783 3
2784 0
2785 1
2786 0
2787 1
2792 202
2793 81
2794 66
2795 45
2796 351
2797 512
2798 141
2799 31
2800 7
2801 241
2802 665
2803 580
2804 715
2806 672
2807 1268
2808 103
2809 108
2810 38
2811 274
2812 277
2813 38
2814 734
2815 32
2816 129
2817 498
2818 125
2819 37
2820 530
2821 9
2822 52
2823 18
2824 225
2826 513
2828 20
2829 2
2831 10
2832 174
2834 8
2835 3
2845 1
2846 5
2847 5
2848 0
2849 10
2850 11
2851 3
2852 3
2853 5
2854 9
2855 6
2856 4
2857 3
2858 14
2859 10
2860 6576
2861 3209
2862 3078
2863 3388
2864 2483
2865 1
2866 3
2867 3
2868 14
2869 4
2870 8
2871 4
2872 5
2873 4
2874 7
2875 267
2876 103
2877 3
2878 5
2879 3
2880 5
2881 4
2882 2
2883 2
2887 2
2888 110
2889 41
2890 4
2891 51
2892 170
2893 78
2894 160
2895 8
2896 2
2897 4
2898 4
2899 4
2900 7
2901 6
2902 2
2903 109
2904 196
2905 307
2906 276
2907 278
2908 101
2909 220
2910 57
2911 317
2912 51
2915 3
2918 20
2919 8
2920 23
2921 17
2922 25
2923 280
2924 4
2925 11
2926 26
2927 1417
2928 2
2929 2
2930 21
2931 4
2932 17
2933 22
2934 2
2935 2
2936 11
2937 14
2938 32
2939 233
2940 370
2941 895
2942 36
2943 31
2944 0
2945 0
2946 0
2947 3
2948 3
2949 3
2950 2
2951 14
2952 13
2953 50
2954 8
2955 250
2956 10
2957 20
2959 9
2960 8
2961 2
2962 0
2963 11
2964 173
2965 344
2966 55
2967 389
2968 212
2969 240
2970 86
2971 59
2972 94
2973 47
2974 36
2975 31
2976 12
2977 13
2978 1
2982 116
2983 8
2984 23
2985 1
2986 27
2987 144
2988 0
2990 0
2991 0
2992 16
2993 0
2994 0
2995 32
2996 104
2998 41
2999 1578
3002 1040
3003 64
3004 720
3005 23
3006 114
3007 25
3008 6
3009 21
3010 27
3011 3
3012 0
3013 8
3014 2
3015 0
3016 1
3017 3
3018 0
3019 1
3020 224
3021 1
3022 85
3023 19
3024 65
3025 0
3026 20
3027 58
3028 7
3029 0
3030 3
3031 9
3032 6
3033 0
3035 121
3036 67
3037 40
3038 9
3039 66
3040 106
3041 36
3042 8
3043 161
3044 26
3045 29
3046 16
3047 23
3048 2
3049 1
3050 22
3051 0
3052 38
3053 1
3056 8
3058 103
3059 68
3060 14
3061 88
3062 89
3063 5
3064 27
3065 34
3066 33
3067 34
3069 37
3070 44
3071 33
3072 29
3073 28
3074 8
3075 6
3076 0
3077 1
3078 4
3079 7
3080 6
3081 0
3082 0
3083 0
3084 8
3085 7
3086 14
3087 11
3089 9
3090 13
3091 12
3092 0
3093 27
3094 0
3095 15
3096 147
3097 13
3098 0
3099 13
3100 0
3101 15
3102 0
3103 12
3104 14
3105 17
3106 14
3107 26
3108 17
3109 43
3110 15
3111 15
3112 15
3113 20
3114 2
3115 19
3116 3
3117 4
3118 45
3119 1
3120 1
3121 2
3122 3
3123 17
3124 107
3125 1
3126 20
3127 17
3128 1
3129 37
3130 6
3131 25
3132 32
3133 207
3134 13
3135 17
3136 18
3137 0
3138 2
3139 8
3140 0
3141 8
3142 101
3143 14
3144 9
3145 5
3146 10
3147 2
3148 0
3149 0
3150 2
3151 0
3152 1
3161 404
3162 2
3163 16
3165 731
3166 2
3167 14
3168 2
3169 5
3170 2
3171 1549
3172 0
3173 2
3174 240
3175 6
3176 0
3177 4
3178 0
3179 13
3180 1
3181 33
3182 1
3183 1
3184 9
3185 7
3186 29
3187 1
3188 62
3189 474
3191 15
3195 18
3196 14
3197 14
3198 14
3199 16
3200 16
3201 15
3202 15
3203 1
3204 6
3205 10
3206 26
3207 0
3208 41
3209 121
3210 14
3211 46
3212 12
3213 61
3214 40
3215 4
3216 59
3217 225
3218 47
3219 20
3220 16
3221 19
3222 16
3223 16
3224 0
3225 19
3226 0
3227 5
3228 2
3229 1
3230 17
3231 2
3232 3
3233 26
3234 15
3235 8
3236 30
3237 32
3238 10
3239 136
3240 12
3241 25
3242 15
3243 13
3244 22
3245 2
3246 15
3247 11
3248 67
3249 30
3250 53
3251 40
3252 64
3253 189
3255 1085
3256 277
3257 460
3258 2636
3259 471
3260 1112
3261 309
3262 29
3263 60
3264 5
3265 2
3268 26
3269 2
3270 4
3271 11
3272 33
3273 1
3279 0
3285 3
3286 20
3287 12
3288 12
3289 20
3290 15
3291 2
3292 11
3293 11
3294 11
3295 4
3297 8
3298 96
3299 125
3300 29
3301 0
3302 10
3303 217
3304 14
3305 14
3306 13
3307 15
3308 1
3309 2
3310 0
3311 16
3312 13
3313 18
3317 51
3318 29
3319 3
3323 13
3325 23
3326 135
3327 36
3328 43
3329 44
3330 33
3331 21
3332 22
3333 90
3334 27
3335 1
3336 14
3337 4
3338 67
3339 0
3340 2
3341 1
3342 7
3343 1
3344 28
3345 38
3346 10
3347 0
3348 0
3349 11
3350 13
3351 15
3352 1
3353 34
3354 62
3355 5
3356 1
3357 92
3358 219
3359 1
3360 2
3361 13
3362 5
3363 11
3364 568
3365 0
3366 0
3367 12
3368 2
3369 1
3370 1
3371 1
3372 0
3373 0
3374 2
3375 22
3376 14
3377 11
3378 2
3379 2
3380 9
3381 4
3382 29
3383 36
3384 114
3385 12
3386 5
3387 1
3388 4
3389 1
3390 17
3391 0
3392 0
3393 0
3394 0
3395 15
3396 0
3397 14
3398 9
3399 13
3400 24
3401 0
3402 12
3403 11
3404 1
3405 0
3406 12
3407 0
3408 0
3409 31
3410 24
3411 4
3412 25
3413 1
3414 3
3415 2
3416 70
3417 5
3418 35
3419 0
3420 0
3421 0
3422 0
3423 0
3424 0
3425 0
3426 0
3427 0
3428 1
3429 39
3432 28
3433 5
3434 27
3436 1
3437 2
3438 17
3439 2
3440 15
3441 1
3442 14
3443 0
3444 109
3445 20
3446 4
3447 9
3449 2
3450 25
3451 1
3452 0
3453 37
3454 16
3455 11
3457 4
3458 0
3459 16
3460 17
3461 17
3462 13
3463 14
3464 15
3465 11
3467 10
3468 11
3469 33
3470 5
3471 4
3472 13
3473 3
3474 22
3475 11
3476 19
3477 1
3478 1
3485 24
3486 0
3491 1
3492 18
3493 11
3494 0
3495 45
3496 291
3497 34
3498 72
3499 206
3500 31
3501 16
3502 5
3503 258
3504 14
3505 43
3506 3
3507 80
3508 11
3509 132
3512 6
3514 1
3521 13
3522 28
3523 42
3524 18
3525 11
3526 33
3527 17
3528 2
3529 7
3531 104
3532 195
3534 11
3535 76
3536 41
3537 8
3538 26
3539 3
3540 13
3542 20
3543 8
3544 12
3545 0
3546 0
3548 4
3549 18
3550 14
3551 163
3552 53
3553 18
3554 11
3555 6
3556 2
3558 27
3559 13
3560 0
3561 12
3562 0
3563 9
3564 10
3565 14
3566 0
3567 0
3568 11
3569 0
3570 67
3571 3
3572 2
3573 0
3574 11
3575 4
3576 1
3577 17
3578 4
3579 3
3580 15
3581 57
3582 3
3583 57
3584 11
3585 16
3587 13
3588 28
3589 14
3590 1
3591 19
3592 91
3593 10
3594 12
3595 10
3596 12
3597 1
3598 11
3599 13
3600 14
3601 13
3602 0
3603 419
3604 484
3605 560
3606 423
3607 2038
3608 216
3609 236
3610 31
3611 9
3612 7
3613 278
3614 8
3615 138
3616 31
3617 15
3618 11
3619 13
3620 23
3621 7
3622 2
3623 1
3624 43
3625 11
3626 0
3628 12
3640 169
3641 94
3642 20
3643 13
3644 8
3645 13
3646 6
3647 5
3648 122
3649 40
3650 49
3651 51
3652 14
3653 7
3654 44
3655 64
3656 46
3657 46
3658 38
3659 12
3661 175
3662 99
3663 10
3664 1
3665 0
3666 0
3667 0
3668 1
3669 0
3670 0
3671 0
3672 4
3673 1
3674 8
3675 3
3676 0
3677 3
3678 0
3679 1
3680 31
3681 30
3682 25
3683 0
3684 2
3685 2
3686 7
3687 7
3688 2
3689 0
3690 2
3691 2
3692 0
3693 1
3694 2
3695 1
3696 0
3697 1
3698 0
3699 2
3700 0
3701 1
3702 11
3703 10
3704 0
3705 4
3706 5
3707 26
3708 0
3709 8
3710 5
3711 33
3712 53
3713 3
3714 26
3715 8
3716 6
3717 39
3718 8
3719 21
3720 0
3721 34
3722 15
3723 2
3728 248
3730 11
3731 3
3732 383
3733 440
3734 73
3735 418
3736 263
3737 538
3738 933
3739 30
3740 25
3741 414
3743 331
3744 321
3745 43
3746 30
3747 11
3748 21
3749 9
3750 65
3751 1
3752 13
3753 17
3754 19
3756 18
3758 3
3759 11
3760 4
3761 4
3762 5
3763 89
3764 24
3765 2
3766 69
3767 53
3768 14
3769 11
3770 0
3771 0
3772 12
3773 8
3774 0
3775 3
3776 2
3777 4
3778 3
3779 2
3780 2
3781 9
3782 2
3783 1
3784 104
3785 9
3787 0
3788 9
3789 0
3790 0
3792 0
3793 1
3794 3
3806 23
3808 0
3809 61
3815 1
3817 3
3819 20
3823 61
3824 4
3825 1
3826 1
3827 1
3828 3
3829 14
3830 38
3831 10
3832 50
3833 15
3834 98
3835 560
3836 43
3837 123
3838 177
3839 52
3840 17
3841 447
3842 125
3843 432
3844 27
3845 8
3846 3
3847 45
3848 6
3849 75
3850 3
3856 9
3857 0
3858 3
3859 0
3860 1
3862 13
3863 20
3864 1
3865 9
3866 116
3867 4878
3868 1
3869 318
3870 19
3871 20
3872 109
3873 68
3874 547
3875 25
3876 10
3877 1
3878 1
3879 43
3880 2
3881 4
3882 15
3883 2
3884 5
3885 1
3886 1
3888 1
3889 64
3901 3
3902 36
3903 14
3904 27
3905 16
3906 1
3908 45
3909 43
3911 161
3912 329
3913 118
3914 168
3915 103
3916 116
3917 716
3918 492
3919 74
3920 732
3921 431
3922 41
3923 474
3924 6
3925 1
3926 3
3927 22
3928 0
3929 34
3930 4
3931 2
3932 3
3933 9
3934 24
3935 1406
3936 992
3937 360
3938 20
3939 12
3941 17
3942 0
3943 3
3944 0
3945 10
3946 0
3947 12
3948 0
3950 70
3951 45
3953 45
3966 1707
3967 652
3968 1308
3969 520
3970 964
3971 1
3972 23
3973 11
3974 20
3975 11
3976 11
3978 1
3979 12
3980 2
3981 1686
3982 1472
3983 455
3984 183
3985 522
3986 1080
3987 1451
3988 331
3989 9
4000 1823
4001 1380
4002 539
4003 225
4004 903
4005 98
4006 44
4007 358
4008 83
4009 30
4010 27
4011 39
4013 14
4014 13
4015 1
4016 11
4017 2
4018 1340
4019 506
4020 155
4021 1035
4022 11
4023 4
4024 0
4025 7
4026 20
4027 0
4028 2
4029 1
4030 103
4031 23
4032 15
4033 425
4034 514
4035 856
4036 447
4037 683
4038 318
4039 405
4040 234
4041 63
4042 14
4043 3
4044 5
4045 0
4046 0
4047 0
4048 0
4049 0
4050 152
4051 1476
4052 47
4053 287
4054 294
4055 196
4056 120
4057 28
4058 52
4059 14
4060 0
4061 5
4062 2
4063 1
4064 0
4065 0
4066 0
4067 0
4068 0
4069 0
4070 33
4071 15
4072 1
4073 351
4074 252
4075 52
4076 193
4077 295
4078 66
4079 372
4080 92
4081 225
4082 394
4083 701
4084 31
4085 4
4086 2
4087 71
4088 7
4089 5
4090 0
4091 0
4092 0
4093 11
4094 0
4095 0
4096 10
4097 96
4098 63
4099 57
4100 24
4101 1352
4102 343
4103 140
4104 200
4105 128
4106 246
4107 249
4109 53
4110 104
4111 788
4112 490
4114 30
4117 4
4118 4
4119 11
4120 13
4121 10
4123 2
4124 6
4125 1
4126 1
4127 1
4128 9
4129 2
4130 10
4131 11
4132 11
4133 3
4134 2
4135 23
4136 13
4137 15
4138 0
4139 47
4140 26
4141 20
4142 171
4143 72
4144 24
4145 0
4146 1005
4147 72
4148 15
4150 16
4151 21
4152 15
4153 15
4154 1
4155 28
4156 1
4157 16
4158 1
4159 2
4160 3
4161 0
4162 32
4163 1
4164 2
4165 0
4166 0
4167 18
4168 12
4169 0
4170 5
4171 15
4172 1
4173 0
4174 0
4175 104
4176 10
4177 10
4178 69
4179 48
4180 23
4181 165
4182 20
4183 2
4184 4
4185 12
4186 4
4187 90
4188 1
4189 78
4190 4
4191 10
4192 744
4194 26
4195 29
4196 837
4197 157
4198 56
4199 17
4200 5
4201 3
4202 8
4203 27
4204 4
4205 3
4206 11
4207 9
4208 380
4209 15
4210 8
4211 496
4212 214
4213 96
4214 12
4217 21
4220 19
4221 1
4222 17
4223 6
4224 0
4225 16
4226 3
4227 12
4230 13
4235 65
4236 0
4237 3
4238 38
4239 0
4240 18
4241 14
4242 7
4243 13
4244 15
4245 1
4246 9
4247 5
4248 13
4249 15
4250 33
4251 4
4252 2
4254 14
4255 624
4256 81
4257 5
4258 8
4259 436
4260 143
4261 323
4262 24
4263 14
4264 9
4266 0
4268 16
4269 19
4271 1
4272 1
4273 1
4275 1
4276 16
4277 18
4278 0
4279 0
4280 67
4281 720
4282 104
4283 665
4284 43
4285 18
4286 570
4287 186
4288 64
4289 28
4290 29
4291 93
4293 17
4294 11
4295 11
4296 11
4297 10
4298 10
4299 11
4300 12
4301 4
4302 0
4303 0
4304 0
4305 11
4306 1
4307 0
4308 2
4309 12
4310 27
4311 5
4312 32
4313 160
4314 11
4315 18
4316 53
4317 50
4318 41
4319 0
4320 0
4321 0
4322 0
4323 0
4324 60
4325 2
4326 0
4327 5
4328 21
4329 3
4330 7
4331 1
4332 1
4334 0
4335 0
4336 2
4337 2
4338 2
4339 0
4340 57
4341 1
4342 1
4343 31
4344 0
4345 2
4346 14
4347 15
4348 0
4349 21
4350 15
4351 25
4352 25
4353 23
4354 10
4355 11
4356 21
4357 7
4358 16
4359 206
4360 80
4361 202
4363 39
4364 15
4365 7
4366 34
4367 33
4368 335
4369 584
4370 5
4371 9
4372 11
4373 0
4374 1
4375 11
4376 61
4377 0
4378 0
4379 0
4380 1
4381 0
4382 1
4383 4
4384 6
4385 0
4386 17
4387 4
4388 43
4389 0
4390 0
4391 1
4393 9
4394 1
4395 1
4396 5
4397 20
4398 19
4399 20
4400 23
4401 9
4402 9
4403 1
4404 34
4405 0
4406 0
4407 0
4408 0
4409 0
4410 3
4411 0
4412 0
4413 0
4414 7
4415 419
4416 665
4417 242
4418 26
4419 191
4420 518
4421 247
4422 33
4423 133
4424 225
4425 119
4426 61
4427 30
4428 79
4429 49
4430 123
4431 45
4432 57
4433 355
4434 164
4435 64
4436 112
4437 397
4438 60
4439 1369
4440 49
4441 21
4442 18
4443 44
4444 56
4445 149
4446 40
4447 9
4448 18
4449 9
4450 4
4451 66
4452 53
4453 46
4454 21
4455 39
4456 42
4457 16
4458 14
4459 17
4460 55
4461 32
4462 2
4463 156
4464 1
4465 1
4467 4
4468 4
4469 137
4470 0
4471 0
4472 0
4473 388
4474 3
4475 48
4481 712
4482 431
4484 174
4485 77
4486 136
4487 45
4488 31
4491 158
4492 16
4493 71
4494 64
4495 7
4496 443
4497 45
4498 11
4499 16
4500 18
4501 31
4502 24
4503 39
4504 199
4505 19
4506 16
4507 20
4508 18
4509 110
4510 96
4511 4
4512 6
4513 140
4514 36
4515 52
4516 160
4517 5
4518 7
4519 1
4521 4
4522 31
4523 0
4524 10
4525 30
4526 7
4527 19
4528 4
4529 353
4531 10
4532 2
4537 24
4538 652
4539 97
4540 31
4541 243
4542 40
4544 150
4545 32
4546 45
4547 27
4548 12
4549 147
4550 22
4551 12
4553 13
4556 114
4557 360
4561 7
4562 3
4563 0
4564 3
4565 6
4566 10
4567 4
4568 3
4569 3
4570 3
4571 1
4572 4
4573 3
4574 8
4575 3
4576 3
4577 3
4578 2
4579 6
4580 5
4581 37
4582 18
4583 60
4584 10
4585 87
4586 0
4587 3
4588 10
4589 44
4590 12
4591 2
4592 1
4593 2
4594 4
4595 4
4596 5
4597 1
4598 3
4599 0
4600 3
4601 7
4602 3
4603 61
4604 74
4605 1
4606 3
4607 3
4608 7
4609 4
4610 17
4625 3
4627 9
4628 9
4629 10
4630 8
4631 111
4635 0
4636 0
4637 14
4638 1
4639 4
4640 12
4641 4
4642 0
4643 0
4644 0
4645 0
4646 0
4647 15
4648 27
4649 3
4650 5
4651 5
4652 3
4653 2
4654 0
4655 3
4656 1
4657 0
4658 1
4659 58
4660 1
4661 9
4662 1
4663 11
4664 16
4665 3
4666 0
4667 13
4668 13
4669 29
4670 5
4671 113
4672 8
4674 1
4675 10
4676 5
4678 1
4679 3
4680 220
4681 0
4682 0
4683 0
4684 0
4685 0
4686 14
4687 31
4688 20
4699 0
4701 16
4715 3205
4716 10480
4717 9968
4719 1177
4720 1594
4721 3948
4722 632
4723 622
4724 821
4725 2067
4726 1218
4727 834
4728 329
4729 744
4730 3343
4732 1031
4735 1703
4736 1210
4737 732
4738 2991
4739 1332
4740 535
4741 755
4742 664
4743 517
4744 411
4745 190
4747 302
4748 171
4749 2298
4750 823
4751 2818
4752 1158
4753 138
4754 275
4755 368
4756 64
4757 208
4758 98
4759 130
4760 2443
4761 1584
4762 942
4763 1802
4764 1889
4765 1823
4766 1025
4767 733
4770 7
4772 18
4773 0
4774 255
4775 2
4776 137
4777 235
4778 98
4779 18
4780 6
4781 15
4783 1
4784 4
4786 221
4787 2
4788 13
4789 4
4790 0
4791 3
4792 1
4793 38
4794 16
4795 12
4796 17
4798 7
4799 25
4800 6
4801 44
4802 18
4803 51
4804 0
4805 1397
4806 30
4807 11
4808 30
4809 26
4810 3
4811 1
4812 1099
4813 126
4814 28
4815 219
4816 148
4817 1219
4818 59
4819 393
4820 102
4821 7
4822 119
4823 112
4824 280
4825 20
4826 290
4827 146
4828 31
4829 88
4830 43
4831 522
4832 215
4833 109
4834 70
4835 113
4836 65
4837 41
4838 57
4839 77
4840 200
4841 80
4842 91
4843 154
4844 68
4845 79
4846 24
4847 95
4848 2089
4849 23
4850 549
4851 89
4852 1461
4853 1178
4854 490
4855 81
4856 972
4857 437
4858 71
4859 62
4860 7
4861 19
4871 9
4875 36
4876 2
4877 37
4878 20
4879 22
4880 33
4881 10
4882 6
4883 3
4884 14
4885 1
4886 1
4887 69
4888 9
4889 21
4890 118
4891 49
4892 296
4893 18
4894 200
4895 2
4896 7
4897 2
4898 18
4899 1
4900 0
4902 2
4905 4
4906 54
4907 6
4914 34
4915 247
4917 0
4918 4
4919 0
4920 0
4921 0
4922 0
4936 0
4937 0
4938 0
4939 0
4940 0
4942 3
4943 0
4944 0
4946 25
4948 1
4951 0
4952 32
4953 0
4954 2
4955 3
4956 1
4957 28
4958 1
4959 0
4960 1
4961 1
4962 9
4963 0
4964 0
4965 19
4966 14
4967 11
4968 0
4969 16
4970 0
4971 0
4972 139
4973 108
4974 105
4975 10
4976 117
4977 72
4978 37
4979 2
5023 192
5040 43
5041 56
5042 23
5043 2
5044 34
5045 30
5046 24
5047 96
5048 278
5049 742
5050 2114
5051 432
5052 309
5053 258
5054 1376
5055 122
5056 26
5057 571
5058 1071
5059 2133
5060 558
5061 165
5062 273
5063 164
5064 332
5065 129
5066 193
5067 86
5068 34
5069 34
5070 76
5071 275
5072 1910
5073 1553
5074 1546
5075 784
5076 1327
5077 646
5078 662
5079 506
5080 1490
5081 246
5082 560
5083 1101
5084 238
5085 223
5086 594
5087 993
5088 874
5089 1859
5090 263
5091 794
5092 746
5093 104
5094 72
5095 245
5096 405
5097 233
5098 61
5099 50
5100 83
5101 394
5102 197
5103 337
5105 97
5106 124
5107 103
5108 26
5109 57
5110 12
5111 22
5112 486
5113 10
5114 47
5115 42
5116 5
5118 1
5123 668
5124 312
5125 109
5126 4
5129 1
5130 10
5131 1
5132 17
5133 6361
5134 160
5135 42
5136 4
5137 40
5138 25
5139 265
5140 28
5141 128
5142 3
5143 5
5149 333
5150 10
5151 197
5152 56
5153 4
5154 2
5156 186
5158 11
5159 11
5160 0
5161 0
5162 0
5163 0
5174 5
5175 6308
5176 0
5177 0
5178 49
5179 16
5180 1
5181 32
5182 58
5183 71
5184 5
5185 287
5186 91
5187 47
5189 54
5190 115
5191 92
5192 15
5193 82
5195 3
5196 14
5197 94
5198 869
5199 88
5200 3
5201 152
5202 0
5203 58
5204 6
5205 211
5206 19
5207 26
5208 32
5209 84
5210 107
5211 37
5212 39
5213 224
5214 4
5215 35
5216 45
5217 213
5218 120
5219 22
5220 0
5221 0
5222 106
5223 130
5224 4
5225 21
5226 40
5227 38
5228 99
5229 0
5230 0
5231 10
5232 317
5233 310
5234 96
5235 146
5236 19
5237 2
5238 0
5239 0
5240 4
5241 4
5242 15
5243 0
5244 15
5245 0
5246 3
5247 5
5248 3
5249 5
5250 1
5251 0
5252 70
5253 6
5254 8
5255 362
5256 27
5257 82
5258 51
5259 23
5260 6
5261 1
5262 4
5263 18
5264 18
5265 33
5266 49
5267 5
5268 2
5270 18
5271 28
5273 68
5274 51
5275 49
5276 6
5277 7
5278 0
5279 2
5280 1
5281 3
5282 732
5283 1120
5285 0
5286 0
5287 8
5288 22
5289 34
5290 203
5291 3
5292 107
5293 80
5294 16
5295 27
5296 10
5297 10
5298 3
5299 90
5300 9
5301 61
5302 8
5303 1
5304 1
5305 0
5306 257
5307 3
5308 0
5309 0
5310 0
5311 4
5312 0
5313 0
5315 1478
5316 1491
5317 1509
5318 1438
5319 1504
5320 528
5321 106
5322 239
5323 58
5324 235
5325 3686
5326 71
5327 1430
5328 3775
5329 453
5330 20
5331 179
5332 80
5333 94
5334 240
5335 507
5336 67
5337 1871
5338 721
5339 344
5340 29
5341 0
5342 11
5343 0
5344 9
5345 0
5346 12
5347 0
5348 1
5351 16
5355 0
5358 12
5360 4
5363 211
5364 2
5366 97
5370 68
5371 11
5382 7
5383 26
5384 10
5385 37
5386 60
5397 11
5398 54
5399 1
5401 0
5408 3
5412 11
5413 10
5414 11
5415 12
5416 11
5417 12
5418 1
5419 12
5420 12
5421 1
5432 6
5433 2
5434 2
5435 3
5436 2
5437 12
5438 8
5439 3
5440 12
5441 41
5442 6
5443 63
5444 43
5445 0
5446 48
5447 149
5448 8
5449 111
5450 2
5451 2
5452 1
5454 5
5455 1
5456 22
5457 1
5458 6
5459 1
5460 0
5461 0
5463 5
5464 0
5465 3
5466 2
5467 0
5468 0
5469 3
5470 10
5472 100
5473 5
5474 11
5475 0
5476 0
5477 0
5478 28
5479 0
5480 0
5481 0
5482 1
5483 1
5484 3
5485 0
5486 4
5487 0
5488 0
5489 0
5490 0
5491 242
5492 110
5493 437
5494 31
5497 3
5498 12
5499 33
5500 93
5501 104
5502 28
5503 19
5504 9
5505 4
5506 14
5507 20
5511 3
5515 10
5526 2
5527 11
5528 7
5529 4
5530 0
5531 0
5532 8
5533 0
5534 2
5535 1
5536 3
5538 11
5540 1
5541 0
5542 25
5543 20
5544 1
5545 2
5546 3
5547 3
5548 1
5549 2
5550 1
5551 33
5552 3
5553 1
5559 15
5598 1
5609 4
5610 2
5611 2
5612 17
5614 1
5615 2
5616 5
5617 3
5618 26
5619 197
5620 8
5621 61
5622 380
5623 11
5624 10
5626 29
5628 340
5650 7
5652 0
5653 11
5654 0
5655 0
5656 0
5657 0
5658 0
5659 0
5660 0
5661 123
5662 28
5663 13
5664 19
5665 12
5666 1
5667 14
5668 152
5669 64
5670 0
5671 1
5673 0
5674 0
5675 0
5676 0
5677 0
5678 0
5679 0
5696 10
5697 1
5698 24
5699 0
5700 92
5701 0
5702 0
5703 0
5704 0
5705 0
5706 0
5709 0
5710 99
5711 882
5712 179
5713 2723
5714 59
5715 64
5716 822
5717 568
5718 884
5719 50
5720 54
5721 827
5722 180
5723 432
5724 68
5725 31
5726 45
5728 88
5729 42
5730 36
5731 9
5732 16
5733 0
5734 10
5735 0
5736 3
5737 10
5738 0
5739 7
5740 15
5741 26
5744 10
5745 11
5746 0
5747 0
5748 13
5749 9
5751 0
5752 31
5753 14
5754 10
5755 11
5756 10
5757 9
5758 0
5760 3
5762 4
5764 0
5765 3090
5766 13
5767 3
5768 28
5769 2
5770 0
5771 0
5772 0
5773 0
5774 0
5775 1
5776 0
5786 0
5787 0
5788 9
5789 6
5790 0
5791 9
5792 0
5793 0
5794 7
5795 0
5796 14
5797 0
5798 91
5799 3
5800 0
5801 0
5802 264
5803 56
5804 3
5805 3
5806 7
5807 5
5808 0
5809 1
5810 10
5811 4
5812 1
5813 10
5814 1
5815 0
5816 0
5817 103
5818 0
5819 0
5820 0
5821 0
5822 0
5823 0
5824 0
5825 0
5826 23
5827 48
5828 1
5829 0
5830 9
5831 13
5832 12
5833 10
5834 1
5836 11
5837 1
5838 12
5839 11
5840 11
5841 8
5842 13
5843 1
5844 7
5845 14
5846 408
5847 112
5848 158
5849 113
5850 162
5851 4
5852 6
5853 0
5854 535
5855 183
5856 184
5857 88
5858 39
5859 11
5860 41
5861 37
5862 2
5863 2
5864 1
5865 98
5866 76
5867 371
5868 1557
5869 17
5870 53
5871 19
5872 4
5875 32
5876 83
5877 4
5878 13
5879 16
5880 266
5881 136
5882 1
5883 30
5884 14
5885 10
5886 13
5887 18
5888 0
5889 2
5890 9
5891 9
5892 13
5893 18
5894 17
5895 11
5896 8
5897 207
5898 60
5899 22
5900 8
5901 37
5902 13
5903 14
5904 17
5905 62
5906 28
5907 31
5908 3
5909 8
5910 2
5911 37
5912 3
5913 9
5914 2
5915 4
5916 16
5917 40
5918 10
5920 7
5921 9
5923 2
5924 4
5925 0
5926 0
5927 0
5928 0
5929 0
5930 0
5931 0
5932 0
5933 0
5934 0
5935 0
5936 0
5937 0
5939 5
5940 5
5941 0
5942 1
5943 0
5944 0
5945 8
5946 6
5947 2
5948 1
5949 0
5950 0
5951 0
5952 14
5953 1
5954 2
5955 8
5956 1
5957 1
5958 8
5959 0
5960 0
5961 0
5962 0
5963 2
5964 3
5965 0
5966 1
5967 0
5968 0
5969 2
5970 1
5971 0
5972 0
5973 723
5974 0
5975 4
5976 14
5977 6
5978 2
5979 9
5980 1
5981 1
5982 2
5983 0
5984 1
5985 0
5986 0
5987 1
5989 0
5990 2
5991 3
5992 20
6002 15
6004 0
6005 5
6006 2
6007 0
6008 270
6011 0
6012 8
6013 12
6014 1
6015 1
6016 3
6017 12
6018 143
6020 61
6021 138
6022 441
6023 46
6024 19
6025 3
6026 16
6027 16
6028 1
6029 20
6030 14
6031 27
6032 47
6033 343
6034 17
6035 16
6036 14
6037 20
6038 11
6039 0
6040 13
6041 6
6042 13
6044 0
6045 0
6046 0
6047 18
6048 0
6049 3
6050 1
6051 0
6052 207
6053 17
6054 48
6055 0
6056 19
6057 15
6058 240
6059 484
6060 3
6061 4
6062 0
6063 0
6064 2
6065 1
6066 0
6067 32
6068 0
6069 240
6070 126
6071 8
6072 2
6073 3
6074 0
6075 2
6076 15
6078 13
6079 1
6080 0
6082 233
6087 19
6100 12
6102 14
6103 14
6104 14
6105 10
6106 0
6107 13
6119 20
6122 2446
6123 1930
6124 1247
6125 1578
6126 1166
6127 1038
6128 1495
6129 1294
6130 945
6131 97
6132 74
6133 3
6134 7
6135 1
6136 0
6137 0
6138 0
6139 0
6140 0
6141 0
6142 0
6143 0
6144 5
6145 0
6146 2
6147 2
6148 69
6149 0
6150 2
6151 2
6152 1
6153 0
6154 1
6155 509
6156 130
6157 116
6158 15
6159 4
6160 15
6161 0
6162 13
6163 9
6164 9
6165 0
6166 2
6167 1
6168 0
6169 0
6170 28
6171 19
6172 3
6173 0
6174 21
6175 0
6176 19
6177 22
6178 14
6186 27
6187 14
6188 4
6190 126
6191 115
6192 6
6193 4
6194 15
6195 0
6196 11
6198 313
6199 2590
6200 15
6202 0
6203 12
6204 0
6205 3
6206 10
6207 0
6208 27
6209 0
6210 63
6211 1
6213 13
6214 1
6215 18
6216 1
6217 0
6218 2
6219 2
6220 13
6221 13
6222 12
6223 9
6224 18
6225 0
6226 0
6227 11
6233 18
6239 177
6240 23
6241 3
6242 2
6243 2
6244 38
6245 5
6246 0
6247 60
6248 68
6249 451
6250 77
6251 48
6252 7
6253 95
6254 11
6255 47
6256 0
6257 0
6258 3
6259 1
6260 289
6261 147
6262 1
6263 103
6264 134
6265 18
6266 37
6267 0
6268 0
6269 0
6270 34
6271 0
6272 1633
6273 828
6274 943
6275 1655
6276 598
6277 4587
6278 4809
6279 1061
6280 104
6281 34
6282 47
6283 9
6284 6
6285 12
6286 222
6287 1
6288 3
6289 2
6290 1
6291 8
6292 7
6293 6
6294 0
6295 0
6297 3
6298 0
6299 2
6300 45
6301 15
6302 587
6303 0
6304 1
6305 0
6306 0
6307 1
6308 1
6309 8
6310 11
6311 566
6312 0
6313 5
6314 0
6315 0
6316 9
6317 50
6318 17
6319 0
6320 4
6321 0
6322 42
6323 18
6344 235
6345 26
6346 15
6347 8
6348 61
6349 59
6350 677
6351 59
6352 54
6353 4
6354 38
6355 14
6356 89
6357 7
6358 116
6359 64
6360 15
6361 8
6362 40
6363 9
6364 17
6365 0
6366 13
6367 12
6368 181
6369 81
6371 1
6372 17
6374 82
6375 121
6376 9
6377 0
6378 0
6379 16
6380 16
6381 8
6382 12
6383 3
6384 47
6385 16
6386 32
6387 214
6388 422
6389 84
6390 25
6391 24
6392 12
6393 16
6394 15
6395 1
6396 12
6397 17
6398 10
6399 14
6400 14
6401 11
6402 12
6403 10
6404 12
6405 0
6406 20
6407 84
6408 15
6409 15
6410 94
6411 15
6412 67
6413 775
6414 16
6415 53
6416 19
6417 43
6418 10
6419 13
6420 16
6421 12
6422 72
6423 8
6424 1
6425 36
6426 37
6427 80
6428 2
6429 2
6437 8
6438 6
6439 2
6440 2
6441 5
6442 1
6443 3
6444 5
6445 5
6446 6
6447 4
6448 8
6449 7
6450 8
6451 7
6452 6
6453 2
6454 4
6455 10
6456 3
6457 4
6458 2
6459 4
6460 3
6461 3
6462 3
6463 1
6464 3
6465 6
6466 4
6467 24
6469 62
6479 2
6480 5
6481 1
6522 6
6523 0
6524 10
6525 46
6526 10
6527 2
6528 3
6529 0
6530 3
6531 2
6532 0
6535 0
6543 12
6544 2
6545 2
6546 2
6547 1
6549 2
6550 2
6551 2
6552 75
6572 1
6573 2
6574 32
6575 1
6576 37
6577 2
6578 0
6579 0
6580 3
6581 98
6582 0
6583 304
6584 12
6585 15
6586 33
6587 17
6588 0
6589 13
6590 3
6591 0
6592 161
6593 13
6594 9
6595 13
6596 11
6597 1
6598 71
6599 1
6600 11
6601 8
6602 34
6603 11
6604 12
6605 1
6606 2
6607 2
6608 2
6609 1
6610 10
6611 13
6612 10
6613 115
6614 10
6615 21
6616 2
6617 0
6618 12
6619 10
6620 11
6621 0
6622 0
6623 15
6624 22
6625 10
6626 1
6627 2
6628 94
6635 9
6637 11
6638 5
6639 3
6642 3
6644 3
6645 8
6646 0
6647 0
6648 9
6649 10
6650 6
6651 7
6652 10
6653 0
6654 9
6655 8
6657 2
6664 16
6671 29
6672 13
6675 14
6676 0
6696 1
6697 0
6737 8
6738 9
6739 0
6740 0
6741 1
6742 8
6743 8
6744 0
6745 12
6746 0
6766 12
6767 235
6768 19
6769 10
6770 8
6771 19
6772 2
6774 15
6775 1
6776 15
6777 1007
6778 29
6779 9
6780 11
6781 8
6782 8
6783 4
6784 26
6786 8
6819 24
6827 2133
6828 59
6829 80
6830 21
6831 6
6832 12
6833 15
6834 68
6835 10
6836 10
6837 20
6838 0
6839 3
6840 15
6841 11
6843 0
6844 13
6845 15
6846 2
6847 0
6848 0
6849 1
6850 0
6851 0
6852 0
6853 0
6854 0
6855 0
6856 0
6857 0
6858 1
6859 1
6860 0
6861 0
6862 8
6864 0
6865 0
6875 1
6880 8
6897 122
6898 1
6899 0
6900 0
6901 16
6902 4
6903 2
6904 0
6905 0
6906 16
6907 36
6908 16
6909 12
6910 10
6911 13
6912 0
6913 7
6914 0
6915 0
6916 13
6917 15
6918 5
6919 11
6920 12
6921 19
6922 10
6923 11
6924 0
6925 30
6926 13
6927 10
6928 13
6929 16
6930 11
6931 7
6932 10
6933 30
6934 34
6935 9
6937 47
6938 175
6939 0
6940 1096
6941 520
6942 13
6943 9
6944 9
6945 9
6946 9
6947 10
6948 19
6949 0
6950 53
6951 20
6952 1
6953 68
6954 13
6955 148
6956 473
6957 3
6958 60
6959 286
6960 38
6961 231
6962 165
6964 9
6965 88
6966 80
6967 58
6968 7
6969 9
6970 6
6971 8
6972 10
6973 7
6974 342
6975 78
6976 8
6977 6
6978 10
6979 0
6980 59
6981 24
6982 15
6983 16
6984 17
6985 35
6986 1
6987 2
6988 0
6989 1
6990 1
6991 0
6992 0
6993 0
6994 2
6995 1
6996 0
7013 56
7014 16
7015 4
7016 4
7017 4
7018 12
7019 28
7020 5
7021 5
7022 6
7023 247
7024 498
7025 5
7026 3
7027 1
7028 4
7029 59
7030 1
7031 107
7032 2
7033 65
7034 253
7048 4
7062 2
7064 1
7065 3
7067 3
7079 34
7090 3
7093 1
7094 4
7096 10
7107 205
7108 488
7109 93
7110 127
7111 107
7113 8
7125 38
7127 1
7128 0
7171 18
7174 16
7176 39
7192 3
7194 5
7195 3
7196 7
7197 0
7198 6
7199 1
7200 1
7206 6
7207 0
7210 2
7211 10
7212 5
7215 159
7216 0
7217 9
7223 2
7226 563
7227 81
7228 291
7229 19
7230 83
7231 6
7232 226
7233 29
7236 121
7238 20
7241 91
7244 3
7245 3
7246 14
7247 22
7248 19
7249 3
7250 2
7251 3
7252 9
7253 121
7254 68
7255 18
7256 0
7257 66
7258 31
7259 18
7260 4
7261 133
7262 13
7263 8
7264 17
7265 6
7266 6
7267 8
7268 0
7269 1
7270 2
7271 3
7272 2
7273 6
7288 229
7289 62
7291 84
7292 176
7293 952
7295 5
7298 120
7299 66
7300 2
7301 8
7302 276
7303 145
7304 13
7305 35
7306 25
7309 255
7310 72
7311 807
7312 19
7313 29
7314 141
7315 1
7316 2
7317 1
7318 2
7319 1
7320 1
7321 2
7322 1
7323 4
7324 19
7326 2205
7327 312
7328 20
7329 535
7330 1006
7331 22
7332 15
7333 142
7334 13
7335 572
7337 3765
7338 2045
7340 1798
7342 195
7358 107
7359 3
7363 721
7364 74
7365 2954
7366 2984
7367 1173
7368 1944
7369 687
7370 80
7371 653
7372 65
7373 40
7375 425
7376 120
7377 220
7378 65
7379 384
7380 228
7381 90
7382 68
7383 155
7384 131
7386 10
7387 55
7388 15
7389 2
7390 77
7391 70
7392 0
7393 0
7400 85
7401 9628
7402 582
7403 56
7404 6
7405 180
7407 21
7411 783
7412 152
7413 37
7414 14
7415 126
7429 146
7430 44
7431 18
7433 81
7435 19
7438 141
7439 19
7440 230
7441 96
7442 12
7443 35
7444 10
7445 2
7446 13
7447 227
7448 14
7450 129
7451 324
7452 227
7453 142
7454 45
7455 154
7459 1633
7460 4195
7461 59
7463 175
7464 124
7465 161
7466 145
7467 96
7468 149
7469 50
7470 34
7471 11
7472 21
7473 19
7474 16
7475 17
7476 13
7477 12
7478 6
7479 17
7480 24
7481 1
7482 107
7483 28
7484 12
7485 11
7486 8
7487 7
7488 50
7489 7
7490 0
7491 2763
7492 306
7493 64
7494 5
7495 102
7496 2
7497 4
7498 37
7499 3
7500 3
7501 6
7502 28
7503 525
7504 498
7507 118
7508 50
7509 167
7510 4
7518 14
7526 1102
7527 106
7528 22
7529 24
7530 31
7531 89
7532 6
7533 27
7534 78
7535 23
7536 3
7537 977
7538 156
7539 24
7540 2
7544 110
7546 1234
7548 386
7549 23
7551 13
7561 126
7562 35
7563 20
7564 19
7565 118
7566 2
7567 22
7568 2
7569 2
7571 15
7572 16
7584 3
7586 4
7595 1
7596 265
7597 270
7598 237
7599 190
7600 175
7601 3
7603 0
7612 282
7613 118
7614 69
7615 113
7616 86
7618 7
7623 187
7624 60
7639 0
7640 184
7661 87
7662 3
7664 9
7665 58
7666 25
7669 231
7672 138
7673 42
7674 91
7675 74
7676 7
7695 27
7706 6
7707 50
7708 6
7709 5
7710 107
7711 5
7712 214
7713 7
7714 9
7715 4
7716 12
7719 146
7725 24
7735 184
7738 282
7747 123
7757 288
7758 60
7761 20
7762 3
7763 1
7766 114
7768 1
7769 8
7770 7
7772 7
7775 4
7776 2
7782 13
7784 1100
7785 52
7786 10
7787 11
7788 12
7789 10
7791 9
7792 78
7793 9
7795 4
7796 64
7797 3
7798 1
7799 109
7800 3
7801 147
7802 2
7805 4
7807 94
7809 434
7812 3617
7814 950
7815 197
7816 953
7817 1359
7818 303
7823 43
7824 36
7828 18
7829 5334
7831 3962
7832 3581
7833 2151
7834 2524
7835 61
7836 7
7837 19
7838 10
7839 11
7840 27
7841 3077
7842 2555
7843 2307
7844 2165
7845 1624
7846 1840
7848 1588
7849 2984
7850 1028
7851 9
7852 10
7853 48
7854 32
7855 11
7856 38
7857 20
7858 6
7859 36
7860 451
7861 30
7862 24
7863 22
7864 18
7865 16
7868 27
7869 19
7884 57
7885 44
7886 9
7887 3
7912 1
7913 2
7914 1
7915 2
7916 1
7917 1
7918 1
7933 2
7934 96
7938 2
7943 6669
7944 6570
7945 208
7946 0
7947 0
7975 37
7976 4
7977 2
7989 9
7991 2
8064 36
8161 2
8172 206
8173 231
8174 32
8177 15
8181 83
8182 1
8183 7
8184 282
8185 265
8186 1
8187 40
8188 7
8189 5
8194 109
8195 51
8197 435
8201 45
8202 1
8207 0
8213 9
8216 92
8217 15
8222 1221
8223 725
8224 634
8231 36
8232 106
8236 884
8237 626
8238 91
8239 1708
8240 1462
8241 1344
8243 2457
8245 13
8247 87
8250 2
8252 93
8254 3549
8255 544
8257 5
8258 1
8259 35
8260 1
8261 1
8262 16
8263 65
8264 1
8265 8
8266 5
8267 0
8268 0
8269 25
8272 60
8273 5
8274 49
8275 0
8276 4
8277 2
8278 628
8279 622
8280 558
8281 37
8283 129
8288 397
8289 140
8295 509
8299 45
8301 29
8303 26
8304 476
8316 1194
8317 665
8318 1663
8319 1948
8320 1459
8322 299
8324 443
8325 15
8326 22
8327 2
8328 2
8329 2
8330 8
8331 2
8345 8
8348 333
8349 21
8350 7
8351 82
8352 711
8353 69
8354 47
8355 499
8356 131
8357 73
8358 157
8359 37
8360 63
8361 84
8362 125
8365 18
8366 3
8369 4
8370 2
8371 4923
8372 2497
8373 157
8374 230
8375 19
8376 58
8377 371
8378 1
8380 69
8381 159
8382 544
8434 1
8435 1
8484 1
8485 2
8494 3
8495 0
8496 1
8497 2
8498 2
8499 1
8500 1
8501 11
8502 1
8503 0
8504 6
8505 3
8506 5
8507 3
8508 16
8509 1
8510 2
8511 0
8512 5
8513 13
8514 40
8515 64
8516 10
8517 15
8518 9
8519 1210
8520 4554
8521 3897
8522 4157
8523 732
8524 1816
8525 1779
8526 3450
8528 59
8529 232
8530 1435
8531 3588
8532 1910
8533 1981
8534 124
8538 377
8543 39
8544 1976
8545 1124
8546 1576
8547 3
8548 642
8549 48
8550 313
8551 55
8552 26
8553 50
8554 5
8555 7
8556 59
8557 2
8559 2
8560 2
8561 1
8562 2
8563 4
8564 12
8565 5
8566 1
8568 1
8569 2422
8570 1429
8571 1673
8572 6
8573 1
8574 4
8575 431
8576 6
8577 30
8579 2
8580 2
8581 3
8582 6
8583 4
8584 6
8586 2
8587 2
8588 1
8589 3
8590 22
8591 9
8592 1490
8593 66
8594 579
8595 184
8596 544
8598 50
8599 2295
8600 2234
8601 2252
8602 2188
8603 2152
8604 1733
8605 1386
8606 1756
8607 2007
8608 1136
8609 1533
8610 1301
8611 3185
8612 2320
8613 2033
8614 2450
8615 2166
8616 37
8618 2017
8619 1885
8620 1614
8621 1371
8622 1460
8623 1291
8624 1365
8625 1481
8626 1446
8627 829
8628 1700
8629 1713
8630 1493
8631 1390
8632 1257
8635 23
8636 23
8637 407
8638 2015
8639 948
8640 1018
8641 795
8642 1246
8643 129
8644 15
8645 11
8646 3
8647 3
8649 37
8650 75
8651 29
8653 441
8654 215
8655 56
8656 266
8657 521
8658 174
8659 215
8660 18
8661 173
8662 171
8663 63
8664 51
8665 59
8666 115
8667 7
8668 4
8669 392
8670 295
8671 163
8672 542
8673 22
8674 63
8675 24
8676 50
8677 4
8678 19
8679 425
8680 706
8681 1433
8682 964
8683 130
8684 633
8685 728
8687 648
8689 1009
8690 917
8691 38
8692 36
8693 30
8694 2
8695 3
8696 1122
8697 332
8698 110
8700 131
8701 84
8702 50
8703 15
8704 7
8705 75
8707 9
8709 3
8710 2
8711 2
8712 1
8713 1
8714 1
8715 1
8716 1
8717 1
8718 1
8719 1
8720 3
8721 1
8722 1
8723 0
8724 3
8726 4
8735 201
8738 47
8739 26
8740 7
8741 3
8742 37
8743 5
8744 7
8745 2
8746 4
8747 244
8748 9
8749 23
8750 15
8751 22
8753 5
8754 2
8760 575
8761 343
8762 335
8763 146
8766 25
8767 1258
8768 85
8769 28
8770 133
8771 7
8772 11
8773 17
8774 311
8775 8
8776 98
8777 85
8778 27
8779 116
8781 22
8784 15
8786 2
8788 178
8790 1
8792 0
8793 3
8794 2
8797 5
8798 20
8799 5
8801 6030
8802 5528
8803 4173
8804 4353
8805 3864
8806 4955
8807 4773
8808 3531
8809 3919
8810 4176
8811 3844
8812 3603
8813 4003
8814 2771
8815 3756
8816 2943
8817 1648
8818 1144
8819 957
8820 920
8821 765
8822 589
8823 532
8824 2965
8825 3617
8826 2357
8827 2389
8828 1921
8829 1867
8830 2111
8831 2455
8832 1710
8833 1439
8834 1450
8835 1432
8836 1276
8837 3928
8838 2529
8839 2072
8840 2296
8841 2338
8842 2019
8843 1977
8844 1875
8845 1816
8846 1687
8847 1058
8848 1026
8849 1697
8850 2128
8851 1764
8852 1239
8853 1183
8854 1173
8855 2395
8856 1295
8857 1265
8858 1085
8859 1003
8860 751
8861 1820
8862 2665
8863 2076
8864 2533
8865 1708
8866 1854
8867 2147
8868 1849
8869 1847
8870 1844
8871 1682
8872 1727
8873 2695
8874 2333
8875 1300
8876 2063
8877 2232
8878 633
8879 1516
8880 1387
8881 889
8882 1816
8883 1047
8884 826
8885 2629
8886 2287
8887 1186
8888 1361
8889 1002
8890 1068
8891 1792
8892 1675
8893 1455
8894 1525
8895 1040
8896 1168
8897 1795
8898 921
8899 876
8900 1483
8901 849
8902 979
8903 996
8904 669
8905 827
8907 577
8908 522
8909 1292
8910 1413
8911 1123
8912 1079
8913 852
8914 947
8915 1900
8916 1141
8917 1194
8918 1434
8919 779
8920 724
8921 1017
8922 675
8923 958
8924 634
8925 541
8926 786
8927 826
8928 546
8929 549
8930 342
8931 2860
8932 2470
8933 2320
8934 1667
8935 1666
8936 1486
8937 2483
8938 2558
8939 1977
8940 1672
8941 1734
8942 1528
8943 1377
8944 1215
8945 1161
8946 1547
8947 1105
8948 1167
8949 748
8950 739
8951 635
8952 575
8953 2471
8954 1610
8955 1703
8956 1375
8957 1181
8958 892
8959 1898
8960 930
8961 1401
8962 1204
8963 1219
8964 1043
8965 1213
8966 839
8967 544
8968 375
8969 379
8970 268
8971 610
8972 459
8973 304
8974 275
8975 181
8976 138
8977 697
8978 543
8979 1268
8980 887
8981 1015
8982 917
8983 926
8984 524
8985 1212
8986 819
8987 1034
8988 927
8989 464
8990 977
8991 1079
8992 458
8993 300
8994 371
8995 247
8996 250
8997 163
8998 802
8999 440
9000 754
9001 510
9002 549
9003 63
9004 50
9005 63
9006 19
9007 230
9013 16
9014 0
9015 3
9016 649
9017 295
9018 223
9020 186
9022 184
9023 107
9024 29
9025 399
9027 170
9028 268
9029 43
9030 11
9031 16
9032 17
9033 142
9034 14
9035 21
9036 428
9037 359
9038 2
9039 4
9040 4
9044 13
9045 6
9046 4
9047 2
9048 10
9050 0
9051 177
9052 4
9053 2
9054 2
9055 4
9062 167
9063 24
9064 48
9065 13
9066 53
9067 9
9068 8
9069 16
9070 71
9071 49
9072 30
9080 408
9081 226
9083 48
9084 38
9085 43
9086 14
9087 15
9088 23
9090 35
9096 0
9097 1
9098 131
9099 8
9100 11
9101 8
9102 4
9103 6
9104 24
9105 4
9106 5
9107 77
9108 6
9109 4
9110 6
9111 1
9114 1
9285 0
9354 41
9393 282
9399 222
9403 117
9405 1260
9406 1109
9407 70
9408 11
9410 37
9411 9
9412 1
9413 5
9414 23
9415 0
9416 116
9418 4
9422 383
9423 267
9424 46
9425 257
9426 221
9427 85
9428 231
9429 9
9430 10
9431 7
9432 6
9433 1
9434 1
9435 2
9438 2
9439 1
9440 1
9441 3
9443 1
9496 1
9506 151
9507 27
9518 92
9519 23
9521 2
9525 3
9526 4
9531 223
9532 106
9536 775
9537 586
9538 524
9539 1173
9541 403
9542 216
9543 32
9544 90
9545 8
9546 187
9552 60
9553 12
9554 11
9555 14
9556 12
9557 252
9558 177
9559 110
9563 496
9564 261
9566 205
9580 4
9581 3
9592 87
9593 111
9594 61
9595 8
9596 87
9597 17
9598 19
9599 15
9600 4
9601 3
9602 2
9603 3
9604 3
9605 47
9606 130
9607 22
9608 46
9609 13
9610 220
9614 125
9615 67
9616 68
9617 434
9618 412
9620 2
9621 2
9622 2
9625 192
9626 341
9628 268
9629 7
9630 32
9631 43
9632 60
9634 332
9635 64
9636 559
9637 340
9638 352
9639 203
9640 141
9641 25
9642 26
9643 94
9644 231
9646 197
9647 33
9648 157
9649 79
9650 54
9651 72
9652 75
9653 63
9654 132
9655 21
9656 102
9657 101
9658 94
9659 90
9660 58
9661 56
9662 57
9663 20
9664 46
9670 1
9671 1
9672 1
9673 1
9674 1
9686 1
9701 52
9714 109
9715 128
9716 105
9717 105
9718 189
9719 159
9720 29
9721 82
9722 101
9759 2
9761 1
9767 5
9778 1
9783 3
9792 7
9796 13
9797 8
9870 2
9876 26
9878 105
9879 3
9880 8
9885 2
9889 21
9890 23
9891 97
9893 263
9894 245
9895 64
9896 95
9897 36
9898 419
9899 398
9913 516
9920 361
9921 372
9922 245
9923 293
9927 393
9930 251
9931 218
9933 319
9934 312
9935 156
9950 42
9951 32
9952 26
9953 28
9954 20
9955 34
9956 90
10001 2
10003 2
10004 3
10005 8
10023 7
10024 1
10025 5
10026 4
10027 10
10028 1
10029 408
10030 147
10031 39
10032 25
10033 19
10034 10
10041 242
10042 343
10043 315
10044 213
10045 35
10046 106
10047 261
10048 88
10049 134
10050 83
10051 99
10052 8
10053 14
10054 78
10055 5
10056 146
10057 264
10058 73
10059 259
10060 254
10061 261
10062 255
10063 246
10064 244
10072 0
10082 37
10100 5
10108 148
10109 225
10110 225
10111 195
10112 107
10113 202
10114 180
10115 95
10116 26
10117 33
10118 31
10119 26
10120 6
10121 5
10122 4
10123 3
10124 3
10125 3
10126 48
10138 5
10139 1
10142 148
10143 209
10145 23
10146 108
10147 105
10151 30
10152 13
10153 9
10157 45
10160 2
10161 4
10162 2
10163 1
10165 85
10166 32
10167 35
10168 19
10169 112
10171 7
10172 23
10173 48
10174 10
10199 12
10200 3
10201 0
10202 1
10203 15
10205 16
10212 16
10213 79
10214 62
10215 144
10217 34
10218 11
10219 3
10222 1
10223 27
10224 23
10225 118
10229 66
10234 14
10235 66
10236 34
10242 79
10243 223
10244 6
10245 97
10246 80
10261 272
10263 79
10271 16
10272 28
10273 8
10275 420
10276 230
10278 176
10279 228
10280 251
10281 276
10282 91
10283 111
10284 6
10285 5
10286 3
10287 9
10288 7
10289 3
10290 3
10291 2
10292 3
10293 1
10294 1
10295 13
10296 163
10300 2
10301 2
10303 198
10304 6
10305 19
10306 2
10307 12
10308 4
10309 3
10310 7
10311 2
10312 1
10313 2
10314 2
10315 2
10316 2
10317 3
10318 2
10319 3
10320 2
10321 2
10322 1
10323 2
10324 2
10326 1
10328 32
10329 20
10330 27
10331 6
10332 4
10333 4
10334 3
10335 2
10337 3
10338 2
10339 2
10340 2
10341 17
10342 9
10343 3
10344 2
10345 3
10346 4
10347 3
10348 3
10349 3
10350 2
10351 2
10352 2
10353 14
10354 54
10355 88
10357 35
10361 56
10362 16
10364 96
10365 28
10366 13
10367 15
10368 8
10369 9
10370 5
10371 1
10372 2
10373 3
10374 3
10375 2
10376 152
10377 59
10378 46
10379 15
10380 6
10417 2
10418 2
10419 7
10420 6
10421 11
10422 2
10432 4
10433 2
10435 3
10439 2
10440 2
10441 2
10442 150
10443 106
10444 17
10445 23
10446 4
10447 3
10448 4
10449 3
10450 5
10452 91
10453 42
10454 19
10455 29
10456 31
10457 0
10464 151
10467 5
10468 5
10469 41
10470 19
10481 22
10482 13
10487 1
10488 7
10489 8
10490 4
10491 6
10492 38
10494 1
10496 14
10502 5
10505 16
10506 7
10507 70
10508 57
10605 2
10606 2
10607 2
10609 25
10615 10
10631 23
10632 23
10633 19
10634 19
10635 20
10636 10
10637 18
10638 10
10639 2
10640 5
10641 1
10642 5
10643 4
10644 7
10645 30
10646 81
10647 2
10648 19
10651 13
10652 11
10653 11
10654 14
10655 8
10656 7
10657 5
10658 23
10659 4
10660 2
